79 16 27
16 79 75
17 1 0
1 17 36
0 69 77
69 0 70
0 1 70
42 28 22
28 42 29
1 2 70
2 1 36
37 19 20
19 37 18
2 3 4
3 2 36
3 5 4
5 3 31
2 4 70
4 71 70
71 4 5
69 68 77
5 48 6
48 5 60
71 5 72
5 6 72
39 30 31
30 39 29
72 7 73
7 72 6
7 6 48
35 30 42
30 35 34
73 7 8
8 7 58
40 37 38
37 40 41
8 9 73
9 8 56
74 73 9
74 9 10
10 9 64
52 34 35
34 52 33
74 10 11
11 10 54
18 37 17
74 11 12
12 11 13
13 11 35
14 75 12
75 14 15
12 13 14
17 37 36
14 13 45
3 36 41
75 15 16
15 14 45
35 53 52
53 35 11
12 75 74
16 15 26
78 0 77
0 78 20
17 0 18
28 39 21
39 28 29
30 34 33
18 0 19
13 35 46
19 0 20
21 27 28
27 21 20
46 44 45
44 46 47
20 21 38
23 27 16
27 23 22
44 24 25
24 44 23
28 27 22
43 47 42
47 43 44
23 16 24
22 23 43
44 25 26
24 16 25
16 26 25
15 45 26
27 20 78
21 39 38
33 51 50
51 33 52
60 5 31
30 29 42
62 50 51
50 62 61
49 32 50
32 49 31
31 30 32
31 3 41
7 60 59
60 7 48
32 30 33
9 56 55
32 33 50
22 43 42
31 41 40
36 37 41
37 20 38
40 38 39
39 31 40
35 42 47
43 23 44
44 26 45
45 13 46
46 35 47
31 49 60
59 60 49
58 67 61
67 58 59
49 50 67
8 58 57
62 65 66
65 62 63
51 52 63
53 11 54
52 53 63
55 54 64
54 55 53
54 10 64
55 64 9
53 55 65
65 55 56
63 53 65
56 8 57
51 63 62
56 57 65
67 50 61
57 58 66
58 7 59
59 49 67
58 61 66
66 65 57
61 62 66
79 27 78
76 75 79
