-0.8000 -0.0533 -0.8557
-0.9067 0.1212 -0.8711
-0.9552 0.2570 -0.8871
-0.9939 0.4218 -0.8835
-1.2267 0.7321 -0.8138
-1.1200 0.9164 -0.6631
-0.9939 1.2364 -0.4768
-0.5382 1.5273 -0.2967
-0.1115 1.6048 -0.2114
0.2958 1.5758 -0.3033
0.6642 1.3915 -0.4839
0.9552 1.0521 -0.6684
1.1006 0.9261 -0.8159
0.9067 0.6158 -0.8807
0.8679 0.3927 -0.8824
0.8291 0.2570 -0.8666
0.8000 0.0533 -0.8501
-0.8194 0.1115 -0.0738
-0.7127 0.0145 0.0527
-0.6255 -0.0242 0.1346
-0.5091 -0.0242 0.1808
-0.3927 -0.0048 0.1918
0.2958 0.1309 0.1986
0.4315 0.0921 0.1886
0.5576 0.1018 0.1452
0.6642 0.1212 0.0664
0.7418 0.1988 -0.0619
0.0468 -0.0603 0.1415
0.0060 0.1098 0.2018
-0.0323 0.2806 0.2893
-0.0727 0.4412 0.2894
-0.3345 0.5382 0.0735
-0.2182 0.6352 0.1024
-0.0630 0.7321 0.1173
0.0630 0.6642 0.1016
0.2279 0.5673 0.0713
-0.7702 0.2416 -0.0058
-0.6265 0.1265 0.0834
-0.4534 0.1432 0.0888
-0.3427 0.3015 0.0487
-0.4783 0.3289 0.0764
-0.6484 0.3174 0.0570
0.2113 0.3427 0.0574
0.3887 0.2011 0.0997
0.5749 0.2207 0.0966
0.6812 0.3561 0.0058
0.5672 0.4279 0.0661
0.3860 0.4113 0.0849
-0.6739 1.2364 -0.1399
-0.4509 1.2063 0.0106
-0.2376 1.2034 0.1013
-0.0533 1.1918 0.1112
0.1503 1.2199 0.1024
0.2958 1.2848 0.0080
0.4703 1.3333 -0.1486
0.2667 1.3256 -0.0193
0.1503 1.3054 0.0498
-0.0727 1.3058 0.0609
-0.2473 1.2930 0.0515
-0.3927 1.2592 -0.0166
-0.6545 1.2267 -0.1429
-0.2705 1.2218 0.0396
-0.0805 1.2364 0.0642
0.1232 1.2606 0.0391
0.4800 1.3430 -0.1528
0.1185 1.2873 0.0391
-0.0851 1.2752 0.0642
-0.2961 1.2339 0.0396
