153.0000 263.0000 1.0000
142.0000 281.0000 1.0000
137.0000 295.0000 1.0000
133.0000 312.0000 1.0000
109.0000 344.0000 1.0000
120.0000 363.0000 1.0000
133.0000 396.0000 1.0000
180.0000 426.0000 1.0000
224.0000 434.0000 1.0000
266.0000 431.0000 1.0000
304.0000 412.0000 1.0000
334.0000 377.0000 1.0000
349.0000 364.0000 1.0000
329.0000 332.0000 1.0000
325.0000 309.0000 1.0000
321.0000 295.0000 1.0000
318.0000 274.0000 1.0000
151.0000 280.0000 1.0000
162.0000 270.0000 1.0000
171.0000 266.0000 1.0000
183.0000 266.0000 1.0000
195.0000 268.0000 1.0000
266.0000 282.0000 1.0000
280.0000 278.0000 1.0000
293.0000 279.0000 1.0000
304.0000 281.0000 1.0000
312.0000 289.0000 1.0000
240.3240 262.2770 1.0000
236.1180 279.8260 1.0000
232.1740 297.4320 1.0000
228.0000 314.0000 1.0000
201.0000 324.0000 1.0000
213.0000 334.0000 1.0000
229.0000 344.0000 1.0000
242.0000 337.0000 1.0000
259.0000 327.0000 1.0000
156.0690 293.4150 1.0000
170.8910 281.5410 1.0000
188.7410 283.2680 1.0000
200.1630 299.5960 1.0000
186.1780 302.4150 1.0000
168.6320 301.2310 1.0000
257.2930 303.8360 1.0000
275.5830 289.2390 1.0000
294.7870 291.2580 1.0000
305.7500 305.2210 1.0000
293.9950 312.6260 1.0000
275.3060 310.9180 1.0000
166.0000 396.0000 1.0000
189.0000 389.0000 1.0000
211.0000 386.0000 1.0000
230.0000 383.0000 1.0000
251.0000 388.0000 1.0000
266.0000 398.0000 1.0000
284.0000 406.0000 1.0000
263.0000 408.0000 1.0000
251.0000 409.0000 1.0000
228.0000 411.0000 1.0000
210.0000 408.0000 1.0000
195.0000 402.0000 1.0000
168.0000 395.0000 1.0000
212.0000 392.0000 1.0000
228.0000 388.0000 1.0000
249.0000 393.0000 1.0000
285.0000 407.0000 1.0000
247.0000 404.0000 1.0000
226.0000 404.0000 1.0000
201.0000 397.0000 1.0000
